<!DOCTYPE html>

<html lang="en">
<head>
    <meta charset="UTF-8">
    <meta http-equiv="X-UA-Compatible" content="IE=edge">
    <meta name="viewport" content="width=bouton mode jour, initial-scale=1.0">
    <title>carousel</title>
    <script src="https://cpwebassets.codepen.io/assets/common/stopExecutionOnTimeout-1b93190375e9ccc259df3a57c1abc0e64599724ae30d7ea4c6877eb615f89387.js"></script>
  
    <script src="https://raw.githubusercontent.com/JohnBlazek/codepen-resources/master/3d-carousel/js/libs.min.js"></script>
  <script src="https://cdnjs.cloudflare.com/ajax/libs/gsap/1.19.1/TweenMax.min.js"></script>
  <script src="https://cdnjs.cloudflare.com/ajax/libs/jquery/3.1.1/jquery.min.js"></script>
  <script src="https://cpwebassets.codepen.io/assets/editor/iframe/iframeRefreshCSS-4793b73c6332f7f14a9b6bba5d5e62748e9d1bd0b5c52d7af6376f3d1c625d7e.js"></script>
    
   <link rel="stylesheet" href="boutton.css">
   <script src="boutton.js"></script>
    </head>


  <body translate="no">
    <header>
      <h1>3D Camera Using class shoes; love it</h1>
      <h3>Produced by <a href="https://www.twitter.com/Yacob" target="_blank">@cformation75</a></h3>
      <div id="fps">Framerate:60/60 FPS</div>
    </header>
    
    <div id="contentContainer" class="trans3d" style="perspective: 600px;"> 
    
      <section id="carouselContainer" class="trans3d" style="transform: matrix3d(0.08444, 0, 0.996429, 0, -0.000347819, 1, 2.94751e-05, 0, -0.996429, -0.000349066, 0.08444, 0, 0, 0, -735, 1);">
        
      <figure id="item1" class="carouselItem trans3d" style="transform-origin: 50% 50% 0px; transform: translate3d(0px, 0px, 933px); visibility: inherit; opacity: 1;"><div class="carouselItemInner trans3d"  style="visibility: inherit; opacity: 1; transform: matrix(1, 0, 0, 1, 0, 0);"></div></figure>
      <figure id="item2" class="carouselItem trans3d" style="transform-origin: 50% 50% 0px; transform: matrix3d(0.866025, 0, -0.5, 0, 0, 1, 0, 0, 0.5, 0, 0.866025, 0, 466.5, 0, 808.002, 1); visibility: inherit; opacity: 1;"><div class="carouselItemInner trans3d" style="visibility: inherit; opacity: 1; transform: matrix(1, 0, 0, 1, 0, 0);"></div></figure>
      <figure id="item3" class="carouselItem trans3d" style="transform-origin: 50% 50% 0px; transform: matrix3d(0.5, 0, -0.866025, 0, 0, 1, 0, 0, 0.866025, 0, 0.5, 0, 808.002, 0, 466.5, 1); visibility: inherit; opacity: 1;"><div class="carouselItemInner trans3d" style="visibility: inherit; opacity: 1; transform: matrix(1, 0, 0, 1, 0, 0);"></div></figure>
      <figure id="item4" class="carouselItem trans3d" style="transform-origin: 50% 50% 0px; transform: matrix3d(0, 0, -1, 0, 0, 1, 0, 0, 1, 0, 0, 0, 933, 0, 0, 1); visibility: inherit; opacity: 1;"><div class="carouselItemInner trans3d" style="visibility: inherit; opacity: 1; transform: matrix(1, 0, 0, 1, 0, 0);"></div></figure>
      <figure id="item5" class="carouselItem trans3d" style="transform-origin: 50% 50% 0px; transform: matrix3d(-0.5, 0, -0.866025, 0, 0, 1, 0, 0, 0.866025, 0, -0.5, 0, 808.002, 0, -466.5, 1); visibility: inherit; opacity: 1;"><div class="carouselItemInner trans3d" style="visibility: inherit; opacity: 1; transform: matrix(1, 0, 0, 1, 0, 0);"></div></figure>
      <figure id="item6" class="carouselItem trans3d" style="transform-origin: 50% 50% 0px; transform: matrix3d(-0.866025, 0, -0.5, 0, 0, 1, 0, 0, 0.5, 0, -0.866025, 0, 466.5, 0, -808.002, 1); visibility: inherit; opacity: 1;"><div class="carouselItemInner trans3d" style="visibility: inherit; opacity: 1; transform: matrix(1, 0, 0, 1, 0, 0);"></div></figure>
      <figure id="item7" class="carouselItem trans3d" style="transform-origin: 50% 50% 0px; transform: matrix3d(-1, 0, 0, 0, 0, 1, 0, 0, 0, 0, -1, 0, 0, 0, -933, 1); visibility: inherit; opacity: 1;"><div class="carouselItemInner trans3d" style="visibility: inherit; opacity: 1; transform: matrix(1, 0, 0, 1, 0, 0);"></div></figure>
      <figure id="item8" class="carouselItem trans3d" style="transform-origin: 50% 50% 0px; transform: matrix3d(-0.866025, 0, 0.5, 0, 0, 1, 0, 0, -0.5, 0, -0.866025, 0, -466.5, 0, -808.002, 1); visibility: inherit; opacity: 1;"><div class="carouselItemInner trans3d" style="visibility: inherit; opacity: 1; transform: matrix(1, 0, 0, 1, 0, 0);"></div></figure>
      <figure id="item9" class="carouselItem trans3d" style="transform-origin: 50% 50% 0px; transform: matrix3d(-0.5, 0, 0.866025, 0, 0, 1, 0, 0, -0.866025, 0, -0.5, 0, -808.002, 0, -466.5, 1); visibility: inherit; opacity: 1;"><div class="carouselItemInner trans3d" style="visibility: inherit; opacity: 1; transform: matrix(1, 0, 0, 1, 0, 0);"></div></figure>
      <figure id="item10" class="carouselItem trans3d" style="transform-origin: 50% 50% 0px; transform: matrix3d(0, 0, 1, 0, 0, 1, 0, 0, -1, 0, 0, 0, -933, 0, 0, 1); visibility: inherit; opacity: 1;"><div class="carouselItemInner trans3d" style="visibility: inherit; opacity: 1; transform: matrix(1, 0, 0, 1, 0, 0);"></div></figure>
      <figure id="item11" class="carouselItem trans3d" style="transform-origin: 50% 50% 0px; transform: matrix3d(0.5, 0, 0.866025, 0, 0, 1, 0, 0, -0.866025, 0, 0.5, 0, -808.002, 0, 466.5, 1); visibility: inherit; opacity: 1;"><div class="carouselItemInner trans3d" style="visibility: inherit; opacity: 1; transform: matrix(1, 0, 0, 1, 0, 0);"></div></figure>
      <figure id="item12" class="carouselItem trans3d" style="transform-origin: 50% 50% 0px; transform: matrix3d(0.866025, 0, 0.5, 0, 0, 1, 0, 0, -0.5, 0, 0.866025, 0, -466.5, 0, 808.002, 1); visibility: inherit; opacity: 1;"><div class="carouselItemInner trans3d" style="visibility: inherit; opacity: 1; transform: matrix(1, 0, 0, 1, 0, 0);"></div></figure>	
    </section>
    </div>
      
        
  
</body>
</html>